0.000000	0.000050
0.010000	0.000200
0.020000	0.000450
0.030000	0.000800
0.040000	0.001250
0.050000	0.001799
0.060000	0.002449
0.070000	0.003198
0.080000	0.004047
0.090000	0.004996
0.100000	0.006044
0.110000	0.007191
0.120000	0.008438
0.130000	0.009784
0.140000	0.011229
0.150000	0.012773
0.160000	0.014415
0.170000	0.016156
0.180000	0.017996
0.190000	0.019933
0.200000	0.021969
0.210000	0.024102
0.220000	0.026333
0.230000	0.028661
0.240000	0.031087
0.250000	0.033609
0.260000	0.036227
0.270000	0.038942
0.280000	0.041753
0.290000	0.044660
0.300000	0.047662
0.310000	0.050759
0.320000	0.053950
0.330000	0.057236
0.340000	0.060616
0.350000	0.064090
0.360000	0.067656
0.370000	0.071316
0.380000	0.075067
0.390000	0.078911
0.400000	0.082846
0.410000	0.086871
0.420000	0.090987
0.430000	0.095193
0.440000	0.099489
0.450000	0.103873
0.460000	0.108345
0.470000	0.112905
0.480000	0.117552
0.490000	0.122285
0.500000	0.127103
0.510000	0.132007
0.520000	0.136995
0.530000	0.142066
0.540000	0.147220
0.550000	0.152456
0.560000	0.157773
0.570000	0.163169
0.580000	0.168646
0.590000	0.174200
0.600000	0.179833
0.610000	0.185541
0.620000	0.191325
0.630000	0.197184
0.640000	0.203115
0.650000	0.209119
0.660000	0.215194
0.670000	0.221339
0.680000	0.227553
0.690000	0.233834
0.700000	0.240181
0.710000	0.246593
0.720000	0.253069
0.730000	0.259606
0.740000	0.266204
0.750000	0.272861
0.760000	0.279576
0.770000	0.286346
0.780000	0.293171
0.790000	0.300049
0.800000	0.306977
0.810000	0.313955
0.820000	0.320981
0.830000	0.328052
0.840000	0.335167
0.850000	0.342324
0.860000	0.349521
0.870000	0.356756
0.880000	0.364027
0.890000	0.371332
0.900000	0.378669
0.910000	0.386035
0.920000	0.393429
0.930000	0.400849
0.940000	0.408291
0.950000	0.415755
0.960000	0.423237
0.970000	0.430736
0.980000	0.438248
0.990000	0.445772
1.000000	0.453305
1.010000	0.460845
1.020000	0.468389
1.030000	0.475935
1.040000	0.483480
1.050000	0.491022
1.060000	0.498559
1.070000	0.506087
1.080000	0.513605
1.090000	0.521109
1.100000	0.528598
1.110000	0.536068
1.120000	0.543518
1.130000	0.550944
1.140000	0.558345
1.150000	0.565718
1.160000	0.573059
1.170000	0.580368
1.180000	0.587641
1.190000	0.594876
1.200000	0.602071
1.210000	0.609223
1.220000	0.616330
1.230000	0.623389
1.240000	0.630399
1.250000	0.637358
1.260000	0.644262
1.270000	0.651111
1.280000	0.657901
1.290000	0.664632
1.300000	0.671300
1.310000	0.677904
1.320000	0.684443
1.330000	0.690914
1.340000	0.697316
1.350000	0.703646
1.360000	0.709905
1.370000	0.716089
1.380000	0.722197
1.390000	0.728229
1.400000	0.734182
1.410000	0.740056
1.420000	0.745848
1.430000	0.751559
1.440000	0.757187
1.450000	0.762731
1.460000	0.768190
1.470000	0.773563
1.480000	0.778849
1.490000	0.784048
1.500000	0.789159
1.510000	0.794182
1.520000	0.799115
1.530000	0.803959
1.540000	0.808713
1.550000	0.813376
1.560000	0.817949
1.570000	0.822431
1.580000	0.826822
1.590000	0.831123
1.600000	0.835332
1.610000	0.839450
1.620000	0.843477
1.630000	0.847413
1.640000	0.851258
1.650000	0.855013
1.660000	0.858678
1.670000	0.862252
1.680000	0.865737
1.690000	0.869133
1.700000	0.872440
1.710000	0.875659
1.720000	0.878789
1.730000	0.881833
1.740000	0.884789
1.750000	0.887659
1.760000	0.890444
1.770000	0.893144
1.780000	0.895759
1.790000	0.898290
1.800000	0.900739
1.810000	0.903105
1.820000	0.905390
1.830000	0.907594
1.840000	0.909718
1.850000	0.911762
1.860000	0.913728
1.870000	0.915616
1.880000	0.917428
1.890000	0.919163
1.900000	0.920823
1.910000	0.922408
1.920000	0.923920
1.930000	0.925358
1.940000	0.926725
1.950000	0.928020
1.960000	0.929245
1.970000	0.930400
1.980000	0.931486
1.990000	0.932504
2.000000	0.933454
2.010000	0.934339
2.020000	0.935157
2.030000	0.935911
2.040000	0.936600
2.050000	0.937226
2.060000	0.937790
2.070000	0.938291
2.080000	0.938731
2.090000	0.939111
2.100000	0.939431
2.110000	0.939692
2.120000	0.939895
2.130000	0.940040
2.140000	0.940128
2.150000	0.940160
2.160000	0.940136
2.170000	0.940057
2.180000	0.939923
2.190000	0.939736
2.200000	0.939496
2.210000	0.939203
2.220000	0.938858
2.230000	0.938461
2.240000	0.938014
2.250000	0.937516
2.260000	0.936969
2.270000	0.936372
2.280000	0.935727
2.290000	0.935033
2.300000	0.934291
2.310000	0.933502
2.320000	0.932666
2.330000	0.931784
2.340000	0.930856
2.350000	0.929882
2.360000	0.928863
2.370000	0.927800
2.380000	0.926692
2.390000	0.925540
2.400000	0.924344
2.410000	0.923105
2.420000	0.921824
2.430000	0.920500
2.440000	0.919134
2.450000	0.917725
2.460000	0.916276
2.470000	0.914785
2.480000	0.913253
2.490000	0.911680
2.500000	0.910067
2.510000	0.908414
2.520000	0.906721
2.530000	0.904989
2.540000	0.903217
2.550000	0.901406
2.560000	0.899555
2.570000	0.897667
2.580000	0.895739
2.590000	0.893774
2.600000	0.891770
2.610000	0.889728
2.620000	0.887649
2.630000	0.885532
2.640000	0.883377
2.650000	0.881185
2.660000	0.878956
2.670000	0.876691
2.680000	0.874388
2.690000	0.872048
2.700000	0.869672
2.710000	0.867259
2.720000	0.864810
2.730000	0.862325
2.740000	0.859804
2.750000	0.857246
2.760000	0.854652
2.770000	0.852023
2.780000	0.849357
2.790000	0.846656
2.800000	0.843919
2.810000	0.841146
2.820000	0.838338
2.830000	0.835494
2.840000	0.832614
2.850000	0.829699
2.860000	0.826749
2.870000	0.823763
2.880000	0.820741
2.890000	0.817684
2.900000	0.814592
2.910000	0.811464
2.920000	0.808301
2.930000	0.805103
2.940000	0.801869
2.950000	0.798599
2.960000	0.795294
2.970000	0.791954
2.980000	0.788578
2.990000	0.785166
3.000000	0.781719
3.010000	0.778237
3.020000	0.774718
3.030000	0.771164
3.040000	0.767575
3.050000	0.763949
3.060000	0.760288
3.070000	0.756590
3.080000	0.752857
3.090000	0.749087
3.100000	0.745282
3.110000	0.741440
3.120000	0.737561
3.130000	0.733647
3.140000	0.729696
3.150000	0.725708
3.160000	0.721684
3.170000	0.717622
3.180000	0.713524
3.190000	0.709389
3.200000	0.705217
3.210000	0.701008
3.220000	0.696761
3.230000	0.692477
3.240000	0.688155
3.250000	0.683795
3.260000	0.679398
3.270000	0.674962
3.280000	0.670488
3.290000	0.665976
3.300000	0.661426
3.310000	0.656837
3.320000	0.652209
3.330000	0.647542
3.340000	0.642836
3.350000	0.638091
3.360000	0.633307
3.370000	0.628482
3.380000	0.623618
3.390000	0.618715
3.400000	0.613771
3.410000	0.608786
3.420000	0.603761
3.430000	0.598696
3.440000	0.593590
3.450000	0.588442
3.460000	0.583253
3.470000	0.578023
3.480000	0.572751
3.490000	0.567437
3.500000	0.562081
3.510000	0.556683
3.520000	0.551242
3.530000	0.545758
3.540000	0.540232
3.550000	0.534662
3.560000	0.529049
3.570000	0.523392
3.580000	0.517691
3.590000	0.511946
3.600000	0.506157
3.610000	0.500323
3.620000	0.494445
3.630000	0.488521
3.640000	0.482553
3.650000	0.476538
3.660000	0.470478
3.670000	0.464372
3.680000	0.458220
3.690000	0.452021
3.700000	0.445776
3.710000	0.439484
3.720000	0.433144
3.730000	0.426758
3.740000	0.420323
3.750000	0.413841
3.760000	0.407311
3.770000	0.400733
3.780000	0.394106
3.790000	0.387430
3.800000	0.380705
3.810000	0.373932
3.820000	0.367108
3.830000	0.360236
3.840000	0.353313
3.850000	0.346341
3.860000	0.339319
3.870000	0.332246
3.880000	0.325123
3.890000	0.317949
3.900000	0.310725
3.910000	0.303449
3.920000	0.296123
3.930000	0.288745
3.940000	0.281317
3.950000	0.273836
3.960000	0.266305
3.970000	0.258721
3.980000	0.251087
3.990000	0.243400
4.000000	0.235662
4.010000	0.227872
4.020000	0.220031
4.030000	0.212138
4.040000	0.204193
4.050000	0.196197
4.060000	0.188150
4.070000	0.180051
4.080000	0.171901
4.090000	0.163700
4.100000	0.155447
4.110000	0.147145
4.120000	0.138792
4.130000	0.130388
4.140000	0.121935
4.150000	0.113433
4.160000	0.104881
4.170000	0.096280
4.180000	0.087631
4.190000	0.078934
4.200000	0.070190
4.210000	0.061399
4.220000	0.052561
4.230000	0.043678
4.240000	0.034750
4.250000	0.025778
4.260000	0.016762
4.270000	0.007703
4.280000	-0.001397
4.290000	-0.010538
4.300000	-0.019720
4.310000	-0.028941
4.320000	-0.038199
4.330000	-0.047495
4.340000	-0.056826
4.350000	-0.066192
4.360000	-0.075591
4.370000	-0.085022
4.380000	-0.094483
4.390000	-0.103974
4.400000	-0.113492
4.410000	-0.123037
4.420000	-0.132606
4.430000	-0.142197
4.440000	-0.151810
4.450000	-0.161442
4.460000	-0.171092
4.470000	-0.180757
4.480000	-0.190435
4.490000	-0.200125
4.500000	-0.209825
4.510000	-0.219532
4.520000	-0.229244
4.530000	-0.238958
4.540000	-0.248673
4.550000	-0.258387
4.560000	-0.268096
4.570000	-0.277798
4.580000	-0.287491
4.590000	-0.297172
4.600000	-0.306839
4.610000	-0.316489
4.620000	-0.326119
4.630000	-0.335727
4.640000	-0.345309
4.650000	-0.354863
4.660000	-0.364387
4.670000	-0.373877
4.680000	-0.383330
4.690000	-0.392744
4.700000	-0.402116
4.710000	-0.411443
4.720000	-0.420721
4.730000	-0.429949
4.740000	-0.439123
4.750000	-0.448241
4.760000	-0.457298
4.770000	-0.466294
4.780000	-0.475224
4.790000	-0.484086
4.800000	-0.492878
4.810000	-0.501595
4.820000	-0.510237
4.830000	-0.518800
4.840000	-0.527281
4.850000	-0.535678
4.860000	-0.543988
4.870000	-0.552210
4.880000	-0.560339
4.890000	-0.568375
4.900000	-0.576315
4.910000	-0.584157
4.920000	-0.591899
4.930000	-0.599537
4.940000	-0.607072
4.950000	-0.614500
4.960000	-0.621821
4.970000	-0.629031
4.980000	-0.636130
4.990000	-0.643117
5.000000	-0.649988
5.010000	-0.656745
5.020000	-0.663384
5.030000	-0.669905
5.040000	-0.676307
5.050000	-0.682589
5.060000	-0.688750
5.070000	-0.694789
5.080000	-0.700706
5.090000	-0.706499
5.100000	-0.712169
5.110000	-0.717715
5.120000	-0.723136
5.130000	-0.728433
5.140000	-0.733605
5.150000	-0.738652
5.160000	-0.743574
5.170000	-0.748372
5.180000	-0.753045
5.190000	-0.757593
5.200000	-0.762018
5.210000	-0.766318
5.220000	-0.770496
5.230000	-0.774550
5.240000	-0.778482
5.250000	-0.782293
5.260000	-0.785983
5.270000	-0.789553
5.280000	-0.793003
5.290000	-0.796335
5.300000	-0.799549
5.310000	-0.802646
5.320000	-0.805628
5.330000	-0.808494
5.340000	-0.811247
5.350000	-0.813887
5.360000	-0.816415
5.370000	-0.818833
5.380000	-0.821141
5.390000	-0.823341
5.400000	-0.825434
5.410000	-0.827421
5.420000	-0.829304
5.430000	-0.831082
5.440000	-0.832759
5.450000	-0.834334
5.460000	-0.835810
5.470000	-0.837187
5.480000	-0.838466
5.490000	-0.839650
5.500000	-0.840738
5.510000	-0.841733
5.520000	-0.842635
5.530000	-0.843447
5.540000	-0.844168
5.550000	-0.844800
5.560000	-0.845345
5.570000	-0.845804
5.580000	-0.846177
5.590000	-0.846467
5.600000	-0.846673
5.610000	-0.846798
5.620000	-0.846842
5.630000	-0.846806
5.640000	-0.846693
5.650000	-0.846501
5.660000	-0.846234
5.670000	-0.845891
5.680000	-0.845474
5.690000	-0.844984
5.700000	-0.844422
5.710000	-0.843789
5.720000	-0.843085
5.730000	-0.842312
5.740000	-0.841470
5.750000	-0.840561
5.760000	-0.839586
5.770000	-0.838544
5.780000	-0.837438
5.790000	-0.836267
5.800000	-0.835033
5.810000	-0.833737
5.820000	-0.832379
5.830000	-0.830959
5.840000	-0.829480
5.850000	-0.827941
5.860000	-0.826342
5.870000	-0.824686
5.880000	-0.822972
5.890000	-0.821201
5.900000	-0.819374
5.910000	-0.817491
5.920000	-0.815553
5.930000	-0.813560
5.940000	-0.811513
5.950000	-0.809413
5.960000	-0.807259
5.970000	-0.805053
5.980000	-0.802796
5.990000	-0.800486
6.000000	-0.798125
6.010000	-0.795714
6.020000	-0.793252
6.030000	-0.790741
6.040000	-0.788180
6.050000	-0.785570
6.060000	-0.782911
6.070000	-0.780204
6.080000	-0.777448
6.090000	-0.774645
6.100000	-0.771795
6.110000	-0.768897
6.120000	-0.765953
6.130000	-0.762961
6.140000	-0.759924
6.150000	-0.756841
6.160000	-0.753711
6.170000	-0.750536
6.180000	-0.747316
6.190000	-0.744050
6.200000	-0.740739
6.210000	-0.737384
6.220000	-0.733983
6.230000	-0.730538
6.240000	-0.727049
6.250000	-0.723516
6.260000	-0.719938
6.270000	-0.716316
6.280000	-0.712651
6.290000	-0.708941
6.300000	-0.705188
6.310000	-0.701392
6.320000	-0.697551
6.330000	-0.693667
6.340000	-0.689740
6.350000	-0.685769
6.360000	-0.681755
6.370000	-0.677698
6.380000	-0.673597
6.390000	-0.669453
6.400000	-0.665265
6.410000	-0.661035
6.420000	-0.656761
6.430000	-0.652443
6.440000	-0.648083
6.450000	-0.643678
6.460000	-0.639231
6.470000	-0.634740
6.480000	-0.630205
6.490000	-0.625627
6.500000	-0.621005
6.510000	-0.616340
6.520000	-0.611630
6.530000	-0.606877
6.540000	-0.602080
6.550000	-0.597239
6.560000	-0.592354
6.570000	-0.587424
6.580000	-0.582450
6.590000	-0.577432
6.600000	-0.572369
6.610000	-0.567261
6.620000	-0.562108
6.630000	-0.556911
6.640000	-0.551668
6.650000	-0.546380
6.660000	-0.541046
6.670000	-0.535667
6.680000	-0.530243
6.690000	-0.524772
6.700000	-0.519255
6.710000	-0.513692
6.720000	-0.508083
6.730000	-0.502427
6.740000	-0.496724
6.750000	-0.490975
6.760000	-0.485178
6.770000	-0.479334
6.780000	-0.473443
6.790000	-0.467504
6.800000	-0.461517
6.810000	-0.455482
6.820000	-0.449399
6.830000	-0.443268
6.840000	-0.437087
6.850000	-0.430859
6.860000	-0.424581
6.870000	-0.418253
6.880000	-0.411877
6.890000	-0.405451
6.900000	-0.398975
6.910000	-0.392449
6.920000	-0.385873
6.930000	-0.379247
6.940000	-0.372570
6.950000	-0.365843
6.960000	-0.359065
6.970000	-0.352236
6.980000	-0.345355
6.990000	-0.338423
7.000000	-0.331440
7.010000	-0.324405
7.020000	-0.317319
7.030000	-0.310180
7.040000	-0.302990
7.050000	-0.295747
7.060000	-0.288452
7.070000	-0.281105
7.080000	-0.273705
7.090000	-0.266253
7.100000	-0.258748
7.110000	-0.251191
7.120000	-0.243581
7.130000	-0.235918
7.140000	-0.228203
7.150000	-0.220435
7.160000	-0.212615
7.170000	-0.204742
7.180000	-0.196816
7.190000	-0.188838
7.200000	-0.180808
7.210000	-0.172726
7.220000	-0.164592
7.230000	-0.156406
7.240000	-0.148168
7.250000	-0.139879
7.260000	-0.131539
7.270000	-0.123148
7.280000	-0.114707
7.290000	-0.106216
7.300000	-0.097674
7.310000	-0.089084
7.320000	-0.080445
7.330000	-0.071757
7.340000	-0.063022
7.350000	-0.054239
7.360000	-0.045410
7.370000	-0.036534
7.380000	-0.027614
7.390000	-0.018649
7.400000	-0.009640
7.410000	-0.000588
7.420000	0.008506
7.430000	0.017641
7.440000	0.026816
7.450000	0.036030
7.460000	0.045283
7.470000	0.054572
7.480000	0.063897
7.490000	0.073256
7.500000	0.082648
7.510000	0.092072
7.520000	0.101527
7.530000	0.111011
7.540000	0.120521
7.550000	0.130058
7.560000	0.139619
7.570000	0.149202
7.580000	0.158806
7.590000	0.168428
7.600000	0.178068
7.610000	0.187722
7.620000	0.197390
7.630000	0.207068
7.640000	0.216756
7.650000	0.226449
7.660000	0.236147
7.670000	0.245848
7.680000	0.255548
7.690000	0.265245
7.700000	0.274937
7.710000	0.284621
7.720000	0.294296
7.730000	0.303957
7.740000	0.313603
7.750000	0.323231
7.760000	0.332839
7.770000	0.342423
7.780000	0.351980
7.790000	0.361509
7.800000	0.371005
7.810000	0.380467
7.820000	0.389891
7.830000	0.399275
7.840000	0.408615
7.850000	0.417909
7.860000	0.427154
7.870000	0.436347
7.880000	0.445485
7.890000	0.454565
7.900000	0.463584
7.910000	0.472540
7.920000	0.481429
7.930000	0.490250
7.940000	0.498998
7.950000	0.507672
7.960000	0.516268
7.970000	0.524784
7.980000	0.533218
7.990000	0.541566
8.000000	0.549827
8.010000	0.557998
8.020000	0.566077
8.030000	0.574061
8.040000	0.581948
8.050000	0.589735
8.060000	0.597422
8.070000	0.605005
8.080000	0.612484
8.090000	0.619855
8.100000	0.627118
8.110000	0.634270
8.120000	0.641310
8.130000	0.648237
8.140000	0.655049
8.150000	0.661745
8.160000	0.668324
8.170000	0.674784
8.180000	0.681125
8.190000	0.687346
8.200000	0.693445
8.210000	0.699422
8.220000	0.705277
8.230000	0.711008
8.240000	0.716616
8.250000	0.722100
8.260000	0.727460
8.270000	0.732695
8.280000	0.737805
8.290000	0.742791
8.300000	0.747652
8.310000	0.752389
8.320000	0.757001
8.330000	0.761490
8.340000	0.765854
8.350000	0.770095
8.360000	0.774214
8.370000	0.778210
8.380000	0.782084
8.390000	0.785838
8.400000	0.789471
8.410000	0.792984
8.420000	0.796379
8.430000	0.799656
8.440000	0.802816
8.450000	0.805859
8.460000	0.808788
8.470000	0.811602
8.480000	0.814303
8.490000	0.816893
8.500000	0.819371
8.510000	0.821740
8.520000	0.824000
8.530000	0.826152
8.540000	0.828198
8.550000	0.830139
8.560000	0.831976
8.570000	0.833710
8.580000	0.835343
8.590000	0.836876
8.600000	0.838309
8.610000	0.839645
8.620000	0.840884
8.630000	0.842028
8.640000	0.843078
8.650000	0.844035
8.660000	0.844900
8.670000	0.845675
8.680000	0.846360
8.690000	0.846958
8.700000	0.847469
8.710000	0.847894
8.720000	0.848235
8.730000	0.848493
8.740000	0.848668
8.750000	0.848763
8.760000	0.848778
8.770000	0.848713
8.780000	0.848572
8.790000	0.848353
8.800000	0.848059
8.810000	0.847690
8.820000	0.847248
8.830000	0.846734
8.840000	0.846147
8.850000	0.845491
8.860000	0.844764
8.870000	0.843969
8.880000	0.843106
8.890000	0.842176
8.900000	0.841180
8.910000	0.840119
8.920000	0.838994
8.930000	0.837805
8.940000	0.836553
8.950000	0.835239
8.960000	0.833864
8.970000	0.832428
8.980000	0.830933
8.990000	0.829378
9.000000	0.827766
9.010000	0.826095
9.020000	0.824367
9.030000	0.822583
9.040000	0.820742
9.050000	0.818847
9.060000	0.816896
9.070000	0.814892
9.080000	0.812834
9.090000	0.810723
9.100000	0.808559
9.110000	0.806343
9.120000	0.804075
9.130000	0.801756
9.140000	0.799386
9.150000	0.796966
9.160000	0.794497
9.170000	0.791977
9.180000	0.789408
9.190000	0.786791
9.200000	0.784125
9.210000	0.781411
9.220000	0.778650
9.230000	0.775841
9.240000	0.772984
9.250000	0.770081
9.260000	0.767132
9.270000	0.764136
9.280000	0.761093
9.290000	0.758006
9.300000	0.754872
9.310000	0.751693
9.320000	0.748469
9.330000	0.745200
9.340000	0.741886
9.350000	0.738528
9.360000	0.735125
9.370000	0.731677
9.380000	0.728186
9.390000	0.724650
9.400000	0.721071
9.410000	0.717448
9.420000	0.713781
9.430000	0.710070
9.440000	0.706316
9.450000	0.702518
9.460000	0.698677
9.470000	0.694793
9.480000	0.690865
9.490000	0.686895
9.500000	0.682880
9.510000	0.678823
9.520000	0.674723
9.530000	0.670579
9.540000	0.666393
9.550000	0.662163
9.560000	0.657890
9.570000	0.653574
9.580000	0.649214
9.590000	0.644812
9.600000	0.640366
9.610000	0.635876
9.620000	0.631344
9.630000	0.626768
9.640000	0.622148
9.650000	0.617485
9.660000	0.612778
9.670000	0.608028
9.680000	0.603233
9.690000	0.598395
9.700000	0.593512
9.710000	0.588586
9.720000	0.583615
9.730000	0.578600
9.740000	0.573541
9.750000	0.568436
9.760000	0.563288
9.770000	0.558094
9.780000	0.552855
9.790000	0.547571
9.800000	0.542242
9.810000	0.536867
9.820000	0.531447
9.830000	0.525980
9.840000	0.520468
9.850000	0.514910
9.860000	0.509306
9.870000	0.503655
9.880000	0.497957
9.890000	0.492213
9.900000	0.486421
9.910000	0.480583
9.920000	0.474697
9.930000	0.468763
9.940000	0.462782
9.950000	0.456753
9.960000	0.450676
9.970000	0.444550
9.980000	0.438376
9.990000	0.432153
10.000000	0.425881
10.010000	0.419560
