0.040000	0.199682
0.080000	0.199104
0.120000	0.198324
0.160000	0.197398
0.200000	0.196380
0.240000	0.195327
0.280000	0.194289
0.320000	0.193320
0.360000	0.192469
0.400000	0.191785
0.440000	0.191317
0.480000	0.191108
0.520000	0.191204
0.560000	0.191646
0.600000	0.192475
0.640000	0.193728
0.680000	0.195444
0.720000	0.197655
0.760000	0.200394
0.800000	0.203692
0.840000	0.207576
0.880000	0.212073
0.920000	0.217206
0.960000	0.222996
1.000000	0.229464
1.040000	0.236625
1.080000	0.244496
1.120000	0.253087
1.160000	0.262410
1.200000	0.272473
1.240000	0.283282
1.280000	0.294839
1.320000	0.307147
1.360000	0.320205
1.400000	0.334010
1.440000	0.348557
1.480000	0.363840
1.520000	0.379850
1.560000	0.396575
1.600000	0.414004
1.640000	0.432121
1.680000	0.450911
1.720000	0.470357
1.760000	0.490438
1.800000	0.511135
1.840000	0.532424
1.880000	0.554283
1.920000	0.576686
1.960000	0.599609
2.000000	0.623023
2.040000	0.646902
2.080000	0.671216
2.120000	0.695937
2.160000	0.721033
2.200000	0.746475
2.240000	0.772232
2.280000	0.798271
2.320000	0.824560
2.360000	0.851069
2.400000	0.877765
2.440000	0.904614
2.480000	0.931586
2.520000	0.958648
2.560000	0.985768
2.600000	1.012913
2.640000	1.040053
2.680000	1.067156
2.720000	1.094191
2.760000	1.121128
2.800000	1.147935
2.840000	1.174585
2.880000	1.201046
2.920000	1.227290
2.960000	1.253288
3.000000	1.279013
3.040000	1.304437
3.080000	1.329533
3.120000	1.354274
3.160000	1.378635
3.200000	1.402588
3.240000	1.426109
3.280000	1.449172
3.320000	1.471753
3.360000	1.493828
3.400000	1.515372
3.440000	1.536360
3.480000	1.556771
3.520000	1.576579
3.560000	1.595761
3.600000	1.614295
3.640000	1.632156
3.680000	1.649322
3.720000	1.665769
3.760000	1.681474
3.800000	1.696413
3.840000	1.710563
3.880000	1.723901
3.920000	1.736402
3.960000	1.748043
4.000000	1.758799
4.040000	1.768646
4.080000	1.777560
4.120000	1.785515
4.160000	1.792486
4.200000	1.798449
4.240000	1.803376
4.280000	1.807243
4.320000	1.810023
4.360000	1.811689
4.400000	1.812216
4.440000	1.811575
4.480000	1.809739
4.520000	1.806682
4.560000	1.802377
4.600000	1.796794
4.640000	1.789908
4.680000	1.781691
4.720000	1.772114
4.760000	1.761152
4.800000	1.748777
4.840000	1.734963
4.880000	1.719683
4.920000	1.702912
4.960000	1.684626
5.000000	1.664801
5.040000	1.643413
5.080000	1.620441
5.120000	1.595865
5.160000	1.569666
5.200000	1.541826
5.240000	1.512330
5.280000	1.481165
5.320000	1.448321
5.360000	1.413789
5.400000	1.377564
5.440000	1.339643
5.480000	1.300028
5.520000	1.258724
5.560000	1.215738
5.600000	1.171084
5.640000	1.124778
5.680000	1.076842
5.720000	1.027301
5.760000	0.976187
5.800000	0.923535
5.840000	0.869386
5.880000	0.813787
5.920000	0.756788
5.960000	0.698447
6.000000	0.638825
6.040000	0.577989
6.080000	0.516008
6.120000	0.452960
6.160000	0.388924
6.200000	0.323984
6.240000	0.258226
6.280000	0.191741
6.320000	0.124619
6.360000	0.056955
6.400000	-0.011156
6.440000	-0.079620
6.480000	-0.148341
6.520000	-0.217226
6.560000	-0.286180
6.600000	-0.355115
6.640000	-0.423942
6.680000	-0.492576
6.720000	-0.560937
6.760000	-0.628948
6.800000	-0.696537
6.840000	-0.763637
6.880000	-0.830186
6.920000	-0.896128
6.960000	-0.961412
7.000000	-1.025994
7.040000	-1.089834
7.080000	-1.152898
7.120000	-1.215158
7.160000	-1.276593
7.200000	-1.337183
7.240000	-1.396918
7.280000	-1.455790
7.320000	-1.513796
7.360000	-1.570938
7.400000	-1.627220
7.440000	-1.682653
7.480000	-1.737249
7.520000	-1.791023
7.560000	-1.843994
7.600000	-1.896182
7.640000	-1.947612
7.680000	-1.998308
7.720000	-2.048296
7.760000	-2.097606
7.800000	-2.146266
7.840000	-2.194306
7.880000	-2.241759
7.920000	-2.288655
7.960000	-2.335027
8.000000	-2.380907
8.040000	-2.426328
8.080000	-2.471323
8.120000	-2.515924
8.160000	-2.560163
8.200000	-2.604072
8.240000	-2.647683
8.280000	-2.691027
8.320000	-2.734135
8.360000	-2.777036
8.400000	-2.819759
8.440000	-2.862335
8.480000	-2.904790
8.520000	-2.947151
8.560000	-2.989445
8.600000	-3.031697
8.640000	-3.073932
8.680000	-3.116173
8.720000	-3.158444
8.760000	-3.200765
8.800000	-3.243158
8.840000	-3.285642
8.880000	-3.328236
8.920000	-3.370957
8.960000	-3.413821
9.000000	-3.456844
9.040000	-3.500039
9.080000	-3.543418
9.120000	-3.586993
9.160000	-3.630773
9.200000	-3.674766
9.240000	-3.718980
9.280000	-3.763418
9.320000	-3.808085
9.360000	-3.852982
9.400000	-3.898108
9.440000	-3.943462
9.480000	-3.989039
9.520000	-4.034833
9.560000	-4.080836
9.600000	-4.127037
9.640000	-4.173425
9.680000	-4.219983
9.720000	-4.266694
9.760000	-4.313540
9.800000	-4.360498
9.840000	-4.407543
9.880000	-4.454649
9.920000	-4.501786
9.960000	-4.548923
10.000000	-4.596025
10.040000	-4.643056
10.080000	-4.689976
10.120000	-4.736746
10.160000	-4.783321
10.200000	-4.829657
10.240000	-4.875707
10.280000	-4.921421
10.320000	-4.966750
10.360000	-5.011642
10.400000	-5.056044
10.440000	-5.099902
10.480000	-5.143162
10.520000	-5.185768
10.560000	-5.227666
10.600000	-5.268800
10.640000	-5.309114
10.680000	-5.348555
10.720000	-5.387069
10.760000	-5.424602
10.800000	-5.461104
10.840000	-5.496524
10.880000	-5.530813
10.920000	-5.563927
10.960000	-5.595820
11.000000	-5.626451
11.040000	-5.655780
11.080000	-5.683772
11.120000	-5.710392
11.160000	-5.735611
11.200000	-5.759400
11.240000	-5.781736
11.280000	-5.802598
11.320000	-5.821968
11.360000	-5.839833
11.400000	-5.856183
11.440000	-5.871009
11.480000	-5.884309
11.520000	-5.896084
11.560000	-5.906335
11.600000	-5.915072
11.640000	-5.922303
11.680000	-5.928043
11.720000	-5.932309
11.760000	-5.935121
11.800000	-5.936503
11.840000	-5.936481
11.880000	-5.935085
11.920000	-5.932347
11.960000	-5.928301
12.000000	-5.922986
12.040000	-5.916442
12.080000	-5.908710
12.120000	-5.899837
12.160000	-5.889869
12.200000	-5.878854
12.240000	-5.866843
12.280000	-5.853889
12.320000	-5.840045
12.360000	-5.825366
12.400000	-5.809910
12.440000	-5.793733
12.480000	-5.776894
12.520000	-5.759453
12.560000	-5.741469
12.600000	-5.723003
12.640000	-5.704116
12.680000	-5.684868
12.720000	-5.665321
12.760000	-5.645536
12.800000	-5.625574
12.840000	-5.605495
12.880000	-5.585360
12.920000	-5.565229
12.960000	-5.545160
13.000000	-5.525212
13.040000	-5.505443
13.080000	-5.485910
13.120000	-5.466668
13.160000	-5.447772
13.200000	-5.429277
13.240000	-5.411235
13.280000	-5.393698
13.320000	-5.376715
13.360000	-5.360337
13.400000	-5.344612
13.440000	-5.329585
13.480000	-5.315304
13.520000	-5.301811
13.560000	-5.289150
13.600000	-5.277363
13.640000	-5.266491
13.680000	-5.256571
13.720000	-5.247643
13.760000	-5.239742
13.800000	-5.232904
13.840000	-5.227163
13.880000	-5.222552
13.920000	-5.219102
13.960000	-5.216842
14.000000	-5.215802
14.040000	-5.216010
14.080000	-5.217490
14.120000	-5.220267
14.160000	-5.224365
14.200000	-5.229806
14.240000	-5.236608
14.280000	-5.244791
14.320000	-5.254371
14.360000	-5.265364
14.400000	-5.277783
14.440000	-5.291639
14.480000	-5.306942
14.520000	-5.323699
14.560000	-5.341917
14.600000	-5.361597
14.640000	-5.382741
14.680000	-5.405348
14.720000	-5.429413
14.760000	-5.454931
14.800000	-5.481891
14.840000	-5.510283
14.880000	-5.540090
14.920000	-5.571297
14.960000	-5.603882
15.000000	-5.637822
